Uniform
0 1 0 0 0 0 0 1 0 0 1 0 1 0 1 0 1 0 0 0 0 0 1 1 0 1 0 0 0 0 1 1 0 0 0 0 0 1 0 0 1 0 0 0 0 1 0 0 0 0 0 1 0 
0.0000000000 0.0600000000 0.0000000000 0.0000000000 0.0000000000 0.0000000000 0.0000000000 0.0600000000 0.0000000000 0.0000000000 0.0600000000 0.0000000000 0.0600000000 0.0000000000 0.0600000000 0.0000000000 0.0600000000 0.0000000000 0.0000000000 0.0000000000 0.0000000000 0.0000000000 0.0600000000 0.0600000000 0.0000000000 0.0600000000 0.0000000000 0.0000000000 0.0000000000 0.0000000000 0.0600000000 0.0600000000 0.0000000000 0.0000000000 0.0000000000 0.0000000000 0.0000000000 0.0600000000 0.0000000000 0.0000000000 0.0600000000 0.0000000000 0.0000000000 0.0000000000 0.0000000000 0.0600000000 0.0000000000 0.0000000000 0.0000000000 0.0000000000 0.0000000000 0.0600000000 0.0000000000 
uniform: 1.3993914600
Flat
0 1 1 0 0 1 0 1 0 0 1 0 1 0 1 0 1 0 0 0 0 0 1 1 0 1 0 1 0 1 0 1 1 0 0 0 0 1 1 0 1 0 0 0 0 1 0 0 0 0 0 1 0 
0.0000000000 0.0500000000 0.0500000000 0.0000000000 0.0000000000 0.0500000000 0.0000000000 0.0500000000 0.0000000000 0.0000000000 0.0500000000 0.0000000000 0.0500000000 0.0000000000 0.0500000000 0.0000000000 0.0500000000 0.0000000000 0.0000000000 0.0000000000 0.0000000000 0.0000000000 0.0500000000 0.0500000000 0.0000000000 0.0500000000 0.0000000000 0.0500000000 0.0000000000 0.0500000000 0.0000000000 0.0500000000 0.0500000000 0.0000000000 0.0000000000 0.0000000000 0.0000000000 0.0500000000 0.0500000000 0.0000000000 0.0500000000 0.0000000000 0.0000000000 0.0000000000 0.0000000000 0.0500000000 0.0000000000 0.0000000000 0.0000000000 0.0000000000 0.0000000000 0.0500000000 0.0000000000 
flat: 1.4391369000
1.0000000000
Blend
0 1 0 0 0 1 0 1 0 0 1 0 1 0 1 0 1 0 0 0 0 0 1 1 0 1 0 0 0 1 1 1 1 0 1 0 0 1 0 0 0 0 0 0 0 1 1 0 1 0 0 1 0 
0.0000000000 0.0500000000 0.0000000000 0.0000000000 0.0000000000 0.0500000000 0.0000000000 0.0500000000 0.0000000000 0.0000000000 0.0500000000 0.0000000000 0.0500000000 0.0000000000 0.0500000000 0.0000000000 0.0500000000 0.0000000000 0.0000000000 0.0000000000 0.0000000000 0.0000000000 0.0500000000 0.0500000000 0.0000000000 0.0500000000 0.0000000000 0.0000000000 0.0000000000 0.0500000000 0.0500000000 0.0500000000 0.0500000000 0.0000000000 0.0500000000 0.0000000000 0.0000000000 0.0500000000 0.0000000000 0.0000000000 0.0000000000 0.0000000000 0.0000000000 0.0000000000 0.0000000000 0.0500000000 0.0500000000 0.0000000000 0.0500000000 0.0000000000 0.0000000000 0.0500000000 0.0000000000 
blend: 1.2944495500
1.0000000000
Equal
1 1 1 1 1 1 1 1 1 1 1 1 1 1 1 1 1 1 1 1 1 1 1 1 1 1 1 1 1 1 1 1 1 1 1 1 1 1 1 1 1 1 1 1 1 1 1 1 1 1 1 1 1 
0 0 0 0 0 0 0 0 0 0 0 0 0 0 0 0 0 0 0 0 0 0 0 0 0 0 0 0 0 0 0 0 0 0 0 0 0 0 0 0 0 0 0 0 0 0 0 0 0 0 0 0 0 
equal: 1.2912850377
