42
34 24 43 44 31 22 32 33 30 47 17 44 44 23 49 26 32 52 30 15 35 322 33 91 29 41 30 28 32 25 55 44 69 41 24 17 48 38 21 29 31 24 
6
60 43 69 390 251 385 
15
53 64 52 52 55 77 183 53 439 92 380 188 246 186 574 
50
72 49 54 44 51 49 80 89 60 41 84 93 71 66 53 72 31 49 132 53 81 64 72 46 63 89 23 59 63 85 48 93 89 67 58 76 71 50 29 70 33 42 50 42 84 42 81 56 38 65 
49
279 94 122 702 206 228 198 346 260 345 200 650 384 223 152 151 178 207 262 390 771 202 345 369 195 269 306 248 175 245 509 217 221 227 249 437 339 131 128 335 267 146 394 187 164 305 177 368 188 
48
447 172 311 393 138 434 119 258 222 252 198 148 437 417 295 295 103 384 167 107 251 111 85 203 391 544 460 279 603 324 370 214 195 160 708 599 236 106 158 490 203 243 472 806 550 697 180 711 
